121
0 0 0 10
1 0 0 10
2 0 0 10
3 0 0 10
4 0 0 10
5 0 0 10
6 0 0 10
7 0 0 10
8 0 0 10
9 0 0 10
10 0 0 10
0 0.9 0 10
1.01 0.91 0 10.2857
2.02 0.92 0 10.5765
3.03 0.93 0 10.8713
4.04 0.94 0 11.1688
5.05 0.95 0 11.4678
6.06 0.96 0 11.767
7.07 0.97 0 12.065
8.08 0.98 0 12.3606
9.09 0.99 0 12.6523
10.1 1 0 12.9389
0 1.8 0 10
1.02 1.82 0 11.1405
2.04 1.84 0 12.2879
3.06 1.86 0 13.4236
4.08 1.88 0 14.5285
5.1 1.9 0 15.584
6.12 1.92 0 16.5717
7.14 1.94 0 17.474
8.16 1.96 0 18.2744
9.18 1.98 0 18.9578
10.2 2 0 19.5106
0 2.7 0 10
1.03 2.73 0 12.5578
2.06 2.76 0 15.0801
3.09 2.79 0 17.4748
4.12 2.82 0 19.6521
5.15 2.85 0 21.5285
6.18 2.88 0 23.0295
7.21 2.91 0 24.0929
8.24 2.94 0 24.671
9.27 2.97 0 24.7329
10.3 3 0 24.2658
0 3.6 0 10
1.04 3.64 0 14.5262
2.08 3.68 0 18.8643
3.12 3.72 0 22.7326
4.16 3.76 0 25.8734
5.2 3.8 0 28.0701
6.24 3.84 0 29.1621
7.28 3.88 0 29.0564
8.32 3.92 0 27.7346
9.36 3.96 0 25.2562
10.4 4 0 21.7557
0 4.5 0 10
1.05 4.55 0 17.0301
2.1 4.6 0 23.5191
3.15 4.65 0 28.8096
4.2 4.7 0 32.3498
5.25 4.75 0 33.75
6.3 4.8 0 32.8254
7.35 4.85 0 29.6187
8.4 4.9 0 24.4007
9.45 4.95 0 17.6482
10.5 5 0 10
0 5.4 0 10
1.06 5.46 0 20.0498
2.12 5.52 0 28.8935
3.18 5.58 0 35.2447
4.24 5.64 0 38.1444
5.3 5.7 0 37.1051
6.36 5.76 0 32.1908
7.42 5.82 0 24.019
8.48 5.88 0 13.6848
9.54 5.94 0 2.61391
10.6 6 0 -7.63356
0 6.3 0 10
1.07 6.37 0 23.5611
2.14 6.44 0 34.8105
3.21 6.51 0 41.5274
4.28 6.58 0 42.3173
5.35 6.65 0 36.8998
6.42 6.72 0 26.1869
7.49 6.79 0 12.1317
8.56 6.86 0 -2.62667
9.63 6.93 0 -15.2588
10.7 7 0 -23.287
0 7.2 0 10
1.08 7.28 0 27.5358
2.16 7.36 0 41.0713
3.24 7.44 0 47.1266
4.32 7.52 0 44.0215
5.4 7.6 0 32.3358
6.48 7.68 0 14.8128
7.56 7.76 0 -4.28323
8.64 7.84 0 -20.2041
9.72 7.92 0 -28.8986
10.8 8 0 -28.0423
0 8.1 0 10
1.09 8.19 0 31.9421
2.18 8.28 0 47.4598
3.27 8.37 0 51.52
4.36 8.46 0 42.5927
5.45 8.55 0 23.2105
6.54 8.64 0 -0.743403
7.63 8.73 0 -21.8195
8.72 8.82 0 -33.3189
9.81 8.91 0 -31.4215
10.9 9 0 -16.4503
0 9 0 10
1.1 9.1 0 36.7442
2.2 9.2 0 53.7486
3.3 9.3 0 54.2241
4.4 9.4 0 37.6259
5.5 9.5 0 10
6.6 9.6 0 -18.2137
7.7 9.7 0 -36.1262
8.8 9.8 0 -36.6018
9.9 9.9 0 -19.0954
11 10 0 10
100
10 0 -0 0.310844
10 0 0.00123903 0.309617
10 0 0.00618536 0.307169
10 -2.13504e-16 0.017278 0.303508
10 0 0.0369073 0.298649
10 2.09476e-16 0.067396 0.292612
10 0 0.110981 0.285419
10 0 0.169793 0.277101
10 0 0.245844 0.267689
10 0 0.341003 0.25722
10 -0.552433 -1.23224e-16 0.917913
9.99624 -0.549007 0.0186579 0.899762
9.95614 -0.529619 0.0923916 0.863764
9.84681 -0.494163 0.255772 0.81052
9.63623 -0.442829 0.540358 0.740916
9.29456 -0.376105 0.973601 0.656109
8.79524 -0.294778 1.57785 0.557511
8.11624 -0.199926 2.36949 0.446765
7.24108 -0.0929046 3.3582 0.325716
6.15985 0.0246711 4.54639 0.196386
10 -1.61201 -0 1.5001
9.90686 -1.52309 0.0801692 1.42281
9.46402 -1.31003 0.393514 1.2714
8.43318 -0.978656 1.07396 1.05199
6.61726 -0.540384 2.22495 0.773504
3.88163 -0.0118523 3.90978 0.447285
0.172386 0.585585 6.14421 0.0866863
-4.4696 1.2266 8.89184 -0.293435
-9.8999 1.88282 12.0625 -0.677274
-15.8678 2.52386 15.514 -1.04868
10 -3.12319 -0 2.05364
9.57299 -2.71844 0.2136 1.84986
7.76971 -1.86007 1.03384 1.45785
3.82747 -0.607408 2.75994 0.907537
-2.67897 0.944032 5.54614 0.24113
-11.7184 2.66859 9.36583 -0.489796
-22.7308 4.41896 13.995 -1.22789
-34.613 6.03655 19.0174 -1.91403
-45.7685 7.36308 23.8523 -2.49149
-54.2209 8.25252 27.8017 -2.91001
10 -5.02111 4.92911e-16 2.57505
8.76675 -3.86422 0.44462 2.15548
3.87027 -1.56084 2.1108 1.3682
-6.2128 1.60352 5.46617 0.310884
-21.5286 5.20784 10.5221 -0.883919
-40.3197 8.74194 16.7651 -2.06354
-59.0212 11.6652 23.1805 -3.07242
-72.6107 13.4712 28.3714 -3.76985
-75.2915 13.7521 30.7595 -4.04633
-61.4348 12.2539 28.8415 -3.83694
10 -7.23251 -0 3.06107
7.20286 -4.63814 0.79595 2.31832
-3.34583 0.263603 3.68639 0.968317
-23.5669 6.52715 9.17542 -0.740717
-50.8625 12.8581 16.6664 -2.48854
-77.7903 17.8313 24.4366 -3.93575
-93.1109 20.1414 29.9189 -4.7806
-84.1204 18.8482 30.2489 -4.81105
-39.8799 13.5731 22.9765 -3.9436
45.2902 4.61496 6.79885 -2.24269
10 -9.67678 -0 3.50874
4.55352 -4.68403 1.28665 2.32156
-14.9291 4.2557 5.78047 0.247153
-49.0171 14.669 13.6845 -2.18351
-87.4491 23.43 23.0082 -4.32875
-110.345 27.5085 29.883 -5.58353
-93.5852 24.74 29.6399 -5.52215
-17.1908 14.4444 18.3859 -4.00546
125.554 -2.25564 -5.35682 -1.22825
321.046 -22.5079 -39.4467 2.30478
10 -12.267 4.92925e-16 3.91537
0.466 -3.63094 1.93146 2.15332
-31.6835 10.9314 8.36648 -0.782158
-81.5695 25.941 18.6079 -3.89104
-122.774 35.0995 28.2033 -6.0617
-114.866 33.332 30.3055 -6.41113
-20.5039 18.5953 18.5157 -4.56898
173.642 -7.1049 -9.78615 -0.822829
440.399 -37.8458 -50.924 3.92144
707.986 -65.1168 -94.3864 8.36024
10 -14.911 -0 4.27856
-5.41742 -1.11309 2.74028 1.80684
-53.9807 20.5922 11.3697 -2.08258
-117.947 39.5025 23.4021 -5.68441
-143.045 44.6865 30.7226 -7.29575
-63.0073 29.6405 23.2905 -5.88994
159.27 -4.41656 -4.93906 -1.56542
493.282 -47.965 -50.6695 4.40199
826.991 -85.7711 -99.4174 9.93982
991.506 -101.956 -128.885 12.878
10 -17.5127 -0 4.59622
-13.438 3.20994 3.71774 1.28071
-81.5886 33.2484 14.6682 -3.59469
-152.357 53.6961 27.4084 -7.34816
-130.572 47.9931 29.0964 -7.65179
71.1812 11.0225 7.52024 -3.69851
452.538 -46.5109 -38.6823 3.27606
876.708 -100.903 -93.9502 10.3821
1095.67 -124.861 -128.828 14.2511
856.812 -99.857 -112.638 12.5273
