9.15996
9.39321
9.63145
9.87418
10.1209
10.371
10.6238
10.8787
11.1351
11.3921
9.5125
10.281
11.0648
11.8544
12.64
13.4114
14.1583
14.8705
15.5379
16.151
10.1325
11.9687
13.8019
15.5783
17.244
18.7469
20.0384
21.0752
21.8215
22.2494
11.0235
14.4408
17.7315
20.7152
23.2222
25.104
26.243
26.5602
26.021
24.6387
12.1866
17.6623
22.6713
26.769
29.5757
30.8126
30.3315
28.132
24.3658
19.3276
13.6207
21.5789
28.3742
33.1157
35.143
34.1207
30.0936
23.4926
15.0902
5.90887
15.3223
26.1178
34.5396
39.0529
38.7518
33.5424
24.1875
12.1976
-0.413938
-11.474
17.2854
31.1891
40.8254
43.8576
39.3798
28.1789
12.6089
-3.90476
-17.6263
-25.3636
19.5019
36.6877
46.8646
46.8478
36.3042
17.9522
-3.13318
-20.9316
-30.2111
-28.0767
21.961
42.4949
52.2814
47.4437
29.2222
3.70766
-20.1966
-33.9006
-32.2321
-15.3883
