9.15996
9.27658
9.51233
9.75281
9.99753
10.2459
10.4974
10.7513
11.0069
11.2636
11.3921
9.33623
9.58666
10.0926
10.6062
11.1224
11.6358
12.1411
12.6328
13.1056
13.554
13.7716
9.82252
10.4737
11.7791
13.0748
14.3292
15.5106
16.5887
17.5356
18.3263
18.94
19.2002
10.578
11.8914
14.4857
16.9567
19.1899
21.0793
22.5331
23.4792
23.8695
23.6827
23.4441
11.6051
13.8283
18.1265
21.9718
25.0705
27.1786
28.1228
27.8167
26.2698
23.5883
21.9832
12.9037
16.2621
22.5717
27.7326
31.1509
32.413
31.3396
28.0124
22.7701
16.1731
12.6182
14.4715
19.1599
27.6526
33.7706
36.5159
35.3895
30.486
22.4928
12.5916
2.27776
-2.78258
16.3039
22.4787
33.168
39.5689
40.2605
34.9632
24.6294
11.2723
-2.43684
-13.7195
-18.4188
18.3937
26.1661
38.8917
44.5989
41.5973
30.4538
13.9017
-3.84015
-18.1684
-25.3194
-26.7202
20.7314
30.1614
44.5822
48.3594
39.9545
21.7966
-0.417492
-19.5405
-29.3188
-26.477
-21.7325
21.961
32.2279
47.3882
49.8626
38.333
16.4649
-8.24447
-27.0486
-33.0663
-23.8102
-15.3883
