200 121 1
1 3 1 2 13
2 3 2 3 14
3 3 3 4 15
4 3 4 5 16
5 3 5 6 17
6 3 6 7 18
7 3 7 8 19
8 3 8 9 20
9 3 9 10 21
10 3 10 11 22
11 3 12 13 24
12 3 13 14 25
13 3 14 15 26
14 3 15 16 27
15 3 16 17 28
16 3 17 18 29
17 3 18 19 30
18 3 19 20 31
19 3 20 21 32
20 3 21 22 33
21 3 23 24 35
22 3 24 25 36
23 3 25 26 37
24 3 26 27 38
25 3 27 28 39
26 3 28 29 40
27 3 29 30 41
28 3 30 31 42
29 3 31 32 43
30 3 32 33 44
31 3 34 35 46
32 3 35 36 47
33 3 36 37 48
34 3 37 38 49
35 3 38 39 50
36 3 39 40 51
37 3 40 41 52
38 3 41 42 53
39 3 42 43 54
40 3 43 44 55
41 3 45 46 57
42 3 46 47 58
43 3 47 48 59
44 3 48 49 60
45 3 49 50 61
46 3 50 51 62
47 3 51 52 63
48 3 52 53 64
49 3 53 54 65
50 3 54 55 66
51 3 56 57 68
52 3 57 58 69
53 3 58 59 70
54 3 59 60 71
55 3 60 61 72
56 3 61 62 73
57 3 62 63 74
58 3 63 64 75
59 3 64 65 76
60 3 65 66 77
61 3 67 68 79
62 3 68 69 80
63 3 69 70 81
64 3 70 71 82
65 3 71 72 83
66 3 72 73 84
67 3 73 74 85
68 3 74 75 86
69 3 75 76 87
70 3 76 77 88
71 3 78 79 90
72 3 79 80 91
73 3 80 81 92
74 3 81 82 93
75 3 82 83 94
76 3 83 84 95
77 3 84 85 96
78 3 85 86 97
79 3 86 87 98
80 3 87 88 99
81 3 89 90 101
82 3 90 91 102
83 3 91 92 103
84 3 92 93 104
85 3 93 94 105
86 3 94 95 106
87 3 95 96 107
88 3 96 97 108
89 3 97 98 109
90 3 98 99 110
91 3 100 101 112
92 3 101 102 113
93 3 102 103 114
94 3 103 104 115
95 3 104 105 116
96 3 105 106 117
97 3 106 107 118
98 3 107 108 119
99 3 108 109 120
100 3 109 110 121
101 3 1 13 12
102 3 2 14 13
103 3 3 15 14
104 3 4 16 15
105 3 5 17 16
106 3 6 18 17
107 3 7 19 18
108 3 8 20 19
109 3 9 21 20
110 3 10 22 21
111 3 12 24 23
112 3 13 25 24
113 3 14 26 25
114 3 15 27 26
115 3 16 28 27
116 3 17 29 28
117 3 18 30 29
118 3 19 31 30
119 3 20 32 31
120 3 21 33 32
121 3 23 35 34
122 3 24 36 35
123 3 25 37 36
124 3 26 38 37
125 3 27 39 38
126 3 28 40 39
127 3 29 41 40
128 3 30 42 41
129 3 31 43 42
130 3 32 44 43
131 3 34 46 45
132 3 35 47 46
133 3 36 48 47
134 3 37 49 48
135 3 38 50 49
136 3 39 51 50
137 3 40 52 51
138 3 41 53 52
139 3 42 54 53
140 3 43 55 54
141 3 45 57 56
142 3 46 58 57
143 3 47 59 58
144 3 48 60 59
145 3 49 61 60
146 3 50 62 61
147 3 51 63 62
148 3 52 64 63
149 3 53 65 64
150 3 54 66 65
151 3 56 68 67
152 3 57 69 68
153 3 58 70 69
154 3 59 71 70
155 3 60 72 71
156 3 61 73 72
157 3 62 74 73
158 3 63 75 74
159 3 64 76 75
160 3 65 77 76
161 3 67 79 78
162 3 68 80 79
163 3 69 81 80
164 3 70 82 81
165 3 71 83 82
166 3 72 84 83
167 3 73 85 84
168 3 74 86 85
169 3 75 87 86
170 3 76 88 87
171 3 78 90 89
172 3 79 91 90
173 3 80 92 91
174 3 81 93 92
175 3 82 94 93
176 3 83 95 94
177 3 84 96 95
178 3 85 97 96
179 3 86 98 97
180 3 87 99 98
181 3 89 101 100
182 3 90 102 101
183 3 91 103 102
184 3 92 104 103
185 3 93 105 104
186 3 94 106 105
187 3 95 107 106
188 3 96 108 107
189 3 97 109 108
190 3 98 110 109
191 3 100 112 111
192 3 101 113 112
193 3 102 114 113
194 3 103 115 114
195 3 104 116 115
196 3 105 117 116
197 3 106 118 117
198 3 107 119 118
199 3 108 120 119
200 3 109 121 120
1 0 0 0
2 0.1 0 0
3 0.2 0 0
4 0.3 0 0
5 0.4 0 0
6 0.5 0 0
7 0.6 0 0
8 0.7 0 0
9 0.8 0 0
10 0.9 0 0
11 1 0 0
12 0 0.1 0
13 0.1 0.1 0
14 0.2 0.1 0
15 0.3 0.1 0
16 0.4 0.1 0
17 0.5 0.1 0
18 0.6 0.1 0
19 0.7 0.1 0
20 0.8 0.1 0
21 0.9 0.1 0
22 1 0.1 0
23 0 0.2 0
24 0.1 0.2 0
25 0.2 0.2 0
26 0.3 0.2 0
27 0.4 0.2 0
28 0.5 0.2 0
29 0.6 0.2 0
30 0.7 0.2 0
31 0.8 0.2 0
32 0.9 0.2 0
33 1 0.2 0
34 0 0.3 0
35 0.1 0.3 0
36 0.2 0.3 0
37 0.3 0.3 0
38 0.4 0.3 0
39 0.5 0.3 0
40 0.6 0.3 0
41 0.7 0.3 0
42 0.8 0.3 0
43 0.9 0.3 0
44 1 0.3 0
45 0 0.4 0
46 0.1 0.4 0
47 0.2 0.4 0
48 0.3 0.4 0
49 0.4 0.4 0
50 0.5 0.4 0
51 0.6 0.4 0
52 0.7 0.4 0
53 0.8 0.4 0
54 0.9 0.4 0
55 1 0.4 0
56 0 0.5 0
57 0.1 0.5 0
58 0.2 0.5 0
59 0.3 0.5 0
60 0.4 0.5 0
61 0.5 0.5 0
62 0.6 0.5 0
63 0.7 0.5 0
64 0.8 0.5 0
65 0.9 0.5 0
66 1 0.5 0
67 0 0.6 0
68 0.1 0.6 0
69 0.2 0.6 0
70 0.3 0.6 0
71 0.4 0.6 0
72 0.5 0.6 0
73 0.6 0.6 0
74 0.7 0.6 0
75 0.8 0.6 0
76 0.9 0.6 0
77 1 0.6 0
78 0 0.7 0
79 0.1 0.7 0
80 0.2 0.7 0
81 0.3 0.7 0
82 0.4 0.7 0
83 0.5 0.7 0
84 0.6 0.7 0
85 0.7 0.7 0
86 0.8 0.7 0
87 0.9 0.7 0
88 1 0.7 0
89 0 0.8 0
90 0.1 0.8 0
91 0.2 0.8 0
92 0.3 0.8 0
93 0.4 0.8 0
94 0.5 0.8 0
95 0.6 0.8 0
96 0.7 0.8 0
97 0.8 0.8 0
98 0.9 0.8 0
99 1 0.8 0
100 0 0.9 0
101 0.1 0.9 0
102 0.2 0.9 0
103 0.3 0.9 0
104 0.4 0.9 0
105 0.5 0.9 0
106 0.6 0.9 0
107 0.7 0.9 0
108 0.8 0.9 0
109 0.9 0.9 0
110 1 0.9 0
111 0 1 0
112 0.1 1 0
113 0.2 1 0
114 0.3 1 0
115 0.4 1 0
116 0.5 1 0
117 0.6 1 0
118 0.7 1 0
119 0.8 1 0
120 0.9 1 0
121 1 1 0
40
1
2
3
4
5
6
7
8
9
10
11
22
33
44
55
66
77
88
99
110
121
120
119
118
117
116
115
114
113
112
111
100
89
78
67
56
45
34
23
12
