0 6.99444
0.0344828 9.68141
0.0689655 11.8148
0.103448 13.4357
0.137931 14.5851
0.172414 15.304
0.206897 15.6333
0.241379 15.6142
0.275862 15.2875
0.310345 14.6943
0.344828 13.8755
0.37931 12.8723
0.413793 11.7256
0.448276 10.4764
0.482759 9.16561
0.517241 7.83439
0.551724 6.52364
0.586207 5.2744
0.62069 4.12766
0.655172 3.12446
0.689655 2.30573
0.724138 1.71252
0.758621 1.38583
0.793103 1.36666
0.827586 1.696
0.862069 2.41487
0.896552 3.56426
0.931034 5.18513
0.965517 7.31858
1 10.0056
