0 -28.2557
0 -28.1994
0 -28.0292
-1.06752e-16 -27.7435
-1.06752e-16 -27.3409
1.04738e-16 -26.8206
1.04738e-16 -26.1823
0 -25.4262
0 -24.5529
0 -23.5637
0 -23.0403
-0.284478 -56.6814
-0.283539 -56.2278
-0.277592 -54.8645
-0.26348 -52.5938
-0.241229 -49.4329
-0.21102 -45.4142
-0.173182 -40.5844
-0.128195 -35.0049
-0.0766839 -28.7502
-0.0194078 -21.9078
0.0105681 -18.3512
-1.13098 -113.474
-1.10677 -111.201
-1.02224 -104.419
-0.867016 -93.2765
-0.645634 -78.0897
-0.36556 -59.3278
-0.0369574 -37.602
0.327643 -13.6455
0.713777 11.7109
1.10556 37.5671
1.30081 50.5043
-2.519 -169.914
-2.38903 -163.102
-1.97859 -142.979
-1.28427 -110.617
-0.351262 -67.9359
0.755329 -17.6026
1.95449 37.131
3.15455 92.6258
4.25932 145.084
5.17471 190.794
5.57364 211.51
-4.4148 -225.532
-4.00001 -210.147
-2.74876 -165.349
-0.745622 -95.4231
1.78177 -7.53212
4.52995 88.9622
7.15115 183.417
9.2907 264.982
10.6264 323.725
10.906 351.693
10.7557 357.143
-6.77181 -279.852
-5.76498 -250.632
-2.83031 -167.123
1.61744 -41.8452
6.79293 105.406
11.7261 250.397
15.4144 368.045
16.9868 436.243
15.8538 439.371
11.8209 370.956
9.08254 318.693
-9.53104 -332.396
-7.47194 -282.979
-1.66531 -144.97
6.59648 51.7969
15.2045 262.692
21.7773 437.335
24.1931 530.16
21.0913 510.387
12.238 369.364
-1.32801 123.691
-9.07929 -21.6323
-12.6217 -382.69
-8.88031 -305.774
1.30253 -96.8626
14.7211 182.533
26.6543 445.847
32.3508 605.112
28.4769 595.991
14.2484 397.521
-8.08632 41.0744
-33.5808 -394.337
-46.3547 -619.299
-15.9619 -430.259
-9.73101 -317.808
6.5668 -22.2462
26.0888 342.669
39.6642 627.821
39.3973 701.686
21.8791 499.757
-10.0029 53.3405
-47.3855 -513.138
-77.9164 -1017.11
-89.8158 -1228.58
-19.4596 -474.642
-9.75763 -318.115
14.4976 77.8527
40.234 520.147
51.6098 776.124
37.7702 678.109
-1.27281 205.664
-53.1742 -490.654
-97.1865 -1137.63
-112.23 -1444.23
-110.153 -1478.87
-21.2356 -495.978
-9.53153 -315.231
19.1663 134.044
47.9041 611.46
56.9196 837.574
34.1047 630.714
-17.5731 7.21253
-79.2385 -803.24
-122.858 -1440.47
-123.204 -1565.56
-110.004 -1464.46
